Running alignment.
Executing 
  /Applications/Mauve.app/Contents/MacOS/progressiveMauve
    --output=/Volumes/Bennett_BACKUP/Research/curtobacterium/curto-population-genomics/genomes/muave_alignment.xmfa
    --output-guide-tree=/Volumes/Bennett_BACKUP/Research/curtobacterium/curto-population-genomics/genomes/muave_alignment.xmfa.guide_tree
    --backbone-output=/Volumes/Bennett_BACKUP/Research/curtobacterium/curto-population-genomics/genomes/muave_alignment.xmfa.backbone
    /Volumes/Bennett_BACKUP/Research/curtobacterium/curto-population-genomics/genomes/Curtobacterium_MCBA15005.bgpipe.gb
    /Volumes/Bennett_BACKUP/Research/curtobacterium/curto-population-genomics/genomes/Curtobacterium_MCBA15007.bgpipe.gb
    /Volumes/Bennett_BACKUP/Research/curtobacterium/curto-population-genomics/genomes/Curtobacterium_MMLR14002.bgpipe.gb
    /Volumes/Bennett_BACKUP/Research/curtobacterium/curto-population-genomics/genomes/Curtobacterium_MMLR14014.bgpipe.gb
    /Volumes/Bennett_BACKUP/Research/curtobacterium/curto-population-genomics/genomes/DESERT-26_final.bgpipe.gb
    /Volumes/Bennett_BACKUP/Research/curtobacterium/curto-population-genomics/genomes/GRASS-31_final.bgpipe.gb
    /Volumes/Bennett_BACKUP/Research/curtobacterium/curto-population-genomics/genomes/GRASS-34_final.bgpipe.gb
    /Volumes/Bennett_BACKUP/Research/curtobacterium/curto-population-genomics/genomes/GRASS-39_final.bgpipe.gb
    /Volumes/Bennett_BACKUP/Research/curtobacterium/curto-population-genomics/genomes/GRASS-40_final.bgpipe.gb
    /Volumes/Bennett_BACKUP/Research/curtobacterium/curto-population-genomics/genomes/GRASS-42_final.bgpipe.gb
    /Volumes/Bennett_BACKUP/Research/curtobacterium/curto-population-genomics/genomes/GRASS-43_final.bgpipe.gb
    /Volumes/Bennett_BACKUP/Research/curtobacterium/curto-population-genomics/genomes/GRASS-44_final.bgpipe.gb
    /Volumes/Bennett_BACKUP/Research/curtobacterium/curto-population-genomics/genomes/GRASS-45_final.bgpipe.gb
    /Volumes/Bennett_BACKUP/Research/curtobacterium/curto-population-genomics/genomes/GRASS-51_final.bgpipe.gb
    /Volumes/Bennett_BACKUP/Research/curtobacterium/curto-population-genomics/genomes/GRASS-53_final.bgpipe.gb
    /Volumes/Bennett_BACKUP/Research/curtobacterium/curto-population-genomics/genomes/GRASS-54_final.bgpipe.gb
    /Volumes/Bennett_BACKUP/Research/curtobacterium/curto-population-genomics/genomes/GRASS-55_final.bgpipe.gb
    /Volumes/Bennett_BACKUP/Research/curtobacterium/curto-population-genomics/genomes/GRASS-57_final.bgpipe.gb
    /Volumes/Bennett_BACKUP/Research/curtobacterium/curto-population-genomics/genomes/GRASS-58_final.bgpipe.gb
    /Volumes/Bennett_BACKUP/Research/curtobacterium/curto-population-genomics/genomes/GRASS-59_final.bgpipe.gb
    /Volumes/Bennett_BACKUP/Research/curtobacterium/curto-population-genomics/genomes/SALT-11_final.bgpipe.gb
    /Volumes/Bennett_BACKUP/Research/curtobacterium/curto-population-genomics/genomes/SALT-16_final.bgpipe.gb
    /Volumes/Bennett_BACKUP/Research/curtobacterium/curto-population-genomics/genomes/SALT-5_final.bgpipe.gb
    /Volumes/Bennett_BACKUP/Research/curtobacterium/curto-population-genomics/genomes/SALT-6_final.bgpipe.gb
    /Volumes/Bennett_BACKUP/Research/curtobacterium/curto-population-genomics/genomes/WOOD-18_final.bgpipe.gb
    /Volumes/Bennett_BACKUP/Research/curtobacterium/curto-population-genomics/genomes/WOOD-21_final.bgpipe.gb
    /Volumes/Bennett_BACKUP/Research/curtobacterium/curto-population-genomics/genomes/WOOD-3_final.bgpipe.gb
    /Volumes/Bennett_BACKUP/Research/curtobacterium/curto-population-genomics/genomes/WOOD-51_final.bgpipe.gb
Storing raw sequence at /var/folders/jm/pmq08tys4pqblb497f8jvp6h0000gn/T/rawseq6257.000
Sequence loaded successfully.
/Volumes/Bennett_BACKUP/Research/curtobacterium/curto-population-genomics/genomes/Curtobacterium_MCBA15005.bgpipe.gb 3772244 base pairs.
Storing raw sequence at /var/folders/jm/pmq08tys4pqblb497f8jvp6h0000gn/T/rawseq6257.001
Sequence loaded successfully.
/Volumes/Bennett_BACKUP/Research/curtobacterium/curto-population-genomics/genomes/Curtobacterium_MCBA15007.bgpipe.gb 3768639 base pairs.
Storing raw sequence at /var/folders/jm/pmq08tys4pqblb497f8jvp6h0000gn/T/rawseq6257.002
Sequence loaded successfully.
/Volumes/Bennett_BACKUP/Research/curtobacterium/curto-population-genomics/genomes/Curtobacterium_MMLR14002.bgpipe.gb 3808678 base pairs.
Storing raw sequence at /var/folders/jm/pmq08tys4pqblb497f8jvp6h0000gn/T/rawseq6257.003
Sequence loaded successfully.
/Volumes/Bennett_BACKUP/Research/curtobacterium/curto-population-genomics/genomes/Curtobacterium_MMLR14014.bgpipe.gb 3822836 base pairs.
Storing raw sequence at /var/folders/jm/pmq08tys4pqblb497f8jvp6h0000gn/T/rawseq6257.004
Sequence loaded successfully.
/Volumes/Bennett_BACKUP/Research/curtobacterium/curto-population-genomics/genomes/DESERT-26_final.bgpipe.gb 3645388 base pairs.
Storing raw sequence at /var/folders/jm/pmq08tys4pqblb497f8jvp6h0000gn/T/rawseq6257.005
Sequence loaded successfully.
/Volumes/Bennett_BACKUP/Research/curtobacterium/curto-population-genomics/genomes/GRASS-31_final.bgpipe.gb 3777956 base pairs.
Storing raw sequence at /var/folders/jm/pmq08tys4pqblb497f8jvp6h0000gn/T/rawseq6257.006
Sequence loaded successfully.
/Volumes/Bennett_BACKUP/Research/curtobacterium/curto-population-genomics/genomes/GRASS-34_final.bgpipe.gb 3820963 base pairs.
Storing raw sequence at /var/folders/jm/pmq08tys4pqblb497f8jvp6h0000gn/T/rawseq6257.007
Sequence loaded successfully.
/Volumes/Bennett_BACKUP/Research/curtobacterium/curto-population-genomics/genomes/GRASS-39_final.bgpipe.gb 3819069 base pairs.
Storing raw sequence at /var/folders/jm/pmq08tys4pqblb497f8jvp6h0000gn/T/rawseq6257.008
Sequence loaded successfully.
/Volumes/Bennett_BACKUP/Research/curtobacterium/curto-population-genomics/genomes/GRASS-40_final.bgpipe.gb 3761440 base pairs.
Storing raw sequence at /var/folders/jm/pmq08tys4pqblb497f8jvp6h0000gn/T/rawseq6257.009
Sequence loaded successfully.
/Volumes/Bennett_BACKUP/Research/curtobacterium/curto-population-genomics/genomes/GRASS-42_final.bgpipe.gb 3838097 base pairs.
Storing raw sequence at /var/folders/jm/pmq08tys4pqblb497f8jvp6h0000gn/T/rawseq6257.010
Sequence loaded successfully.
/Volumes/Bennett_BACKUP/Research/curtobacterium/curto-population-genomics/genomes/GRASS-43_final.bgpipe.gb 3695116 base pairs.
Storing raw sequence at /var/folders/jm/pmq08tys4pqblb497f8jvp6h0000gn/T/rawseq6257.011
Sequence loaded successfully.
/Volumes/Bennett_BACKUP/Research/curtobacterium/curto-population-genomics/genomes/GRASS-44_final.bgpipe.gb 3789494 base pairs.
Storing raw sequence at /var/folders/jm/pmq08tys4pqblb497f8jvp6h0000gn/T/rawseq6257.012
Sequence loaded successfully.
/Volumes/Bennett_BACKUP/Research/curtobacterium/curto-population-genomics/genomes/GRASS-45_final.bgpipe.gb 3764851 base pairs.
Storing raw sequence at /var/folders/jm/pmq08tys4pqblb497f8jvp6h0000gn/T/rawseq6257.013
Sequence loaded successfully.
/Volumes/Bennett_BACKUP/Research/curtobacterium/curto-population-genomics/genomes/GRASS-51_final.bgpipe.gb 3785722 base pairs.
Storing raw sequence at /var/folders/jm/pmq08tys4pqblb497f8jvp6h0000gn/T/rawseq6257.014
Sequence loaded successfully.
/Volumes/Bennett_BACKUP/Research/curtobacterium/curto-population-genomics/genomes/GRASS-53_final.bgpipe.gb 3786104 base pairs.
Storing raw sequence at /var/folders/jm/pmq08tys4pqblb497f8jvp6h0000gn/T/rawseq6257.015
Sequence loaded successfully.
/Volumes/Bennett_BACKUP/Research/curtobacterium/curto-population-genomics/genomes/GRASS-54_final.bgpipe.gb 3927711 base pairs.
Storing raw sequence at /var/folders/jm/pmq08tys4pqblb497f8jvp6h0000gn/T/rawseq6257.016
Sequence loaded successfully.
/Volumes/Bennett_BACKUP/Research/curtobacterium/curto-population-genomics/genomes/GRASS-55_final.bgpipe.gb 3752819 base pairs.
Storing raw sequence at /var/folders/jm/pmq08tys4pqblb497f8jvp6h0000gn/T/rawseq6257.017
Sequence loaded successfully.
/Volumes/Bennett_BACKUP/Research/curtobacterium/curto-population-genomics/genomes/GRASS-57_final.bgpipe.gb 3728355 base pairs.
Storing raw sequence at /var/folders/jm/pmq08tys4pqblb497f8jvp6h0000gn/T/rawseq6257.018
Sequence loaded successfully.
/Volumes/Bennett_BACKUP/Research/curtobacterium/curto-population-genomics/genomes/GRASS-58_final.bgpipe.gb 3800007 base pairs.
Storing raw sequence at /var/folders/jm/pmq08tys4pqblb497f8jvp6h0000gn/T/rawseq6257.019
Sequence loaded successfully.
/Volumes/Bennett_BACKUP/Research/curtobacterium/curto-population-genomics/genomes/GRASS-59_final.bgpipe.gb 3729778 base pairs.
Storing raw sequence at /var/folders/jm/pmq08tys4pqblb497f8jvp6h0000gn/T/rawseq6257.020
Sequence loaded successfully.
/Volumes/Bennett_BACKUP/Research/curtobacterium/curto-population-genomics/genomes/SALT-11_final.bgpipe.gb 3632003 base pairs.
Storing raw sequence at /var/folders/jm/pmq08tys4pqblb497f8jvp6h0000gn/T/rawseq6257.021
Sequence loaded successfully.
/Volumes/Bennett_BACKUP/Research/curtobacterium/curto-population-genomics/genomes/SALT-16_final.bgpipe.gb 4357272 base pairs.
Storing raw sequence at /var/folders/jm/pmq08tys4pqblb497f8jvp6h0000gn/T/rawseq6257.022
Sequence loaded successfully.
/Volumes/Bennett_BACKUP/Research/curtobacterium/curto-population-genomics/genomes/SALT-5_final.bgpipe.gb 3744522 base pairs.
Storing raw sequence at /var/folders/jm/pmq08tys4pqblb497f8jvp6h0000gn/T/rawseq6257.023
Sequence loaded successfully.
/Volumes/Bennett_BACKUP/Research/curtobacterium/curto-population-genomics/genomes/SALT-6_final.bgpipe.gb 3739706 base pairs.
Storing raw sequence at /var/folders/jm/pmq08tys4pqblb497f8jvp6h0000gn/T/rawseq6257.024
Sequence loaded successfully.
/Volumes/Bennett_BACKUP/Research/curtobacterium/curto-population-genomics/genomes/WOOD-18_final.bgpipe.gb 3658022 base pairs.
Storing raw sequence at /var/folders/jm/pmq08tys4pqblb497f8jvp6h0000gn/T/rawseq6257.025
Sequence loaded successfully.
/Volumes/Bennett_BACKUP/Research/curtobacterium/curto-population-genomics/genomes/WOOD-21_final.bgpipe.gb 3833068 base pairs.
Storing raw sequence at /var/folders/jm/pmq08tys4pqblb497f8jvp6h0000gn/T/rawseq6257.026
Sequence loaded successfully.
/Volumes/Bennett_BACKUP/Research/curtobacterium/curto-population-genomics/genomes/WOOD-3_final.bgpipe.gb 3695248 base pairs.
Storing raw sequence at /var/folders/jm/pmq08tys4pqblb497f8jvp6h0000gn/T/rawseq6257.027
Sequence loaded successfully.
/Volumes/Bennett_BACKUP/Research/curtobacterium/curto-population-genomics/genomes/WOOD-51_final.bgpipe.gb 3558624 base pairs.
Using weight 15 mers for initial seeds
Creating sorted mer list
Create time was: 2 seconds.
Creating sorted mer list
Create time was: 2 seconds.
Creating sorted mer list
Create time was: 2 seconds.
Creating sorted mer list
Create time was: 2 seconds.
Creating sorted mer list
Create time was: 2 seconds.
Creating sorted mer list
Create time was: 2 seconds.
Creating sorted mer list
Create time was: 2 seconds.
Creating sorted mer list
Create time was: 2 seconds.
Creating sorted mer list
Create time was: 2 seconds.
Creating sorted mer list
Create time was: 2 seconds.
Creating sorted mer list
Create time was: 2 seconds.
Creating sorted mer list
Create time was: 1 seconds.
Creating sorted mer list
Create time was: 2 seconds.
Creating sorted mer list
Create time was: 2 seconds.
Creating sorted mer list
Create time was: 2 seconds.
Creating sorted mer list
Create time was: 2 seconds.
Creating sorted mer list
Create time was: 2 seconds.
Creating sorted mer list
Create time was: 2 seconds.
Creating sorted mer list
Create time was: 2 seconds.
Creating sorted mer list
Create time was: 2 seconds.
Creating sorted mer list
Create time was: 2 seconds.
Creating sorted mer list
Create time was: 2 seconds.
Creating sorted mer list
Create time was: 2 seconds.
Creating sorted mer list
Create time was: 1 seconds.
Creating sorted mer list
Create time was: 2 seconds.
Creating sorted mer list
Create time was: 2 seconds.
Creating sorted mer list
Create time was: 2 seconds.
Creating sorted mer list
Create time was: 2 seconds.
0%..1%..2%..3%..4%..5%..6%..7%..8%..9%..10%..
11%..12%..13%..14%..15%..16%..17%..18%..19%..20%..
21%..22%..23%..24%..25%..26%..27%..28%..29%..30%..
31%..32%..33%..34%..35%..36%..37%..38%..39%..40%..
41%..42%..43%..44%..45%..46%..47%..48%..49%..50%..
51%..52%..53%..54%..55%..56%..57%..58%..59%..60%..
61%..62%..63%..64%..65%..66%..67%..68%..69%..70%..
71%..72%..73%..74%..75%..76%..77%..78%..79%..80%..
81%..82%..83%..84%..85%..86%..87%..88%..89%..90%..
91%..92%..93%..94%..95%..96%..97%..98%..99%..done.
using default bp penalty: 152947
using default bp estimate min score: 458842
Starting with 3124849 multi-matches
Computing genome content distance matrix...


Genome conservation distance matrix: 
0	0.106193	0.0941962	0.0937598	0.0962805	0.0936098	0.105749	0.0815306	0.0947011	0.0971059	0.0978777	0.0966597	0.0973173	0.0981639	0.0982723	0.10657	0.0934666	0.0929079	0.0985049	0.0929092	0.106722	0.132592	0.110529	0.101731	0.100397	0.10706	0.101191	0.0915989
0.106193	0	0.101714	0.102718	0.116927	0.101698	0.110811	0.111324	0.0989888	0.10403	0.106213	0.102835	0.102297	0.10281	0.102887	0.108867	0.0987888	0.0988378	0.100711	0.0988736	0.113692	0.131779	0.1192	0.10819	0.119988	0.10943	0.119039	0.11348
0.0941962	0.101714	0	0.0137791	0.105095	0.0840455	0.0925967	0.0898411	0.0753224	0.0865382	0.079754	0.0855006	0.0864504	0.0814415	0.0814022	0.086884	0.0816934	0.0835896	0.0809162	0.0835545	0.0964294	0.126444	0.0966522	0.0922262	0.106524	0.0922683	0.106867	0.0993502
0.0937598	0.102718	0.0137791	0	0.105864	0.0852036	0.0936585	0.0907884	0.0768563	0.087672	0.0810664	0.0865474	0.0875907	0.0830099	0.0829835	0.0881784	0.082797	0.0847319	0.0818987	0.0846994	0.0972783	0.12728	0.0975267	0.0932006	0.107401	0.0934415	0.1078	0.100142
0.0962805	0.116927	0.105095	0.105864	0	0.0959247	0.100233	0.0905479	0.0968301	0.0984244	0.0905351	0.0979033	0.0992697	0.0984294	0.0985298	0.106432	0.0959419	0.0956402	0.0998592	0.0956555	0.0904706	0.125019	0.0988559	0.100669	0.0518286	0.0988661	0.0537995	0.0429537
0.0936098	0.101698	0.0840455	0.0852036	0.0959247	0	0.0806143	0.0854497	0.0687699	0.0687658	0.0730388	0.0668625	0.0659075	0.0759401	0.0760155	0.0829851	0.0717981	0.061158	0.0651297	0.0610969	0.0887167	0.112535	0.092445	0.0783028	0.0993571	0.0829483	0.0998255	0.0926659
0.105749	0.110811	0.0925967	0.0936585	0.100233	0.0806143	0	0.0995031	0.0747644	0.0787042	0.0662391	0.0753345	0.0782973	0.0800917	0.0801358	0.0914211	0.0755159	0.075915	0.0794042	0.075944	0.0886867	0.109273	0.0911934	0.0824473	0.103727	0.0840955	0.103623	0.0958029
0.0815306	0.111324	0.0898411	0.0907884	0.0905479	0.0854497	0.0995031	0	0.0891141	0.0942938	0.0869986	0.0934487	0.0936121	0.0946165	0.0946701	0.0995628	0.0880166	0.0879676	0.0869031	0.0879788	0.101079	0.126207	0.103517	0.0986381	0.0930781	0.0984173	0.0937481	0.0857804
0.0947011	0.0989888	0.0753224	0.0768563	0.0968301	0.0687699	0.0747644	0.0891141	0	0.0643537	0.0712761	0.0529685	0.0573816	0.0588096	0.0587523	0.0614476	0.0540126	0.0519231	0.0574244	0.0518824	0.08664	0.112636	0.0878089	0.0766699	0.0988305	0.0825946	0.0989543	0.092512
0.0971059	0.10403	0.0865382	0.087672	0.0984244	0.0687658	0.0787042	0.0942938	0.0643537	0	0.0753159	0.0656383	0.0637411	0.0704378	0.0704139	0.0779019	0.0649468	0.0585277	0.0659087	0.0584689	0.0865115	0.10873	0.0885845	0.0745484	0.101434	0.085602	0.101729	0.0961818
0.0978777	0.106213	0.079754	0.0810664	0.0905351	0.0730388	0.0662391	0.0869986	0.0712761	0.0753159	0	0.0735718	0.0746144	0.0745225	0.0745568	0.0840494	0.0718396	0.0706204	0.0750224	0.0707408	0.0787016	0.111734	0.0811556	0.0787417	0.0925779	0.0751929	0.0921364	0.0842033
0.0966597	0.102835	0.0855006	0.0865474	0.0979033	0.0668625	0.0753345	0.0934487	0.0529685	0.0656383	0.0735718	0	0.0563494	0.0673632	0.0673626	0.0699931	0.0600771	0.0523936	0.0550847	0.0524123	0.0867668	0.111481	0.090724	0.0778721	0.100872	0.0840346	0.101221	0.0943861
0.0973173	0.102297	0.0864504	0.0875907	0.0992697	0.0659075	0.0782973	0.0936121	0.0573816	0.0637411	0.0746144	0.0563494	0	0.0672548	0.0673188	0.0713706	0.0620391	0.0407818	0.0562312	0.0407939	0.0878793	0.114608	0.0917159	0.0787001	0.0999572	0.085954	0.101395	0.0952718
0.0981639	0.10281	0.0814415	0.0830099	0.0984294	0.0759401	0.0800917	0.0946165	0.0588096	0.0704378	0.0745225	0.0673632	0.0672548	0	0.0005881	0.0746628	0.0574634	0.0644472	0.0676882	0.0644012	0.089262	0.114138	0.09124	0.0805565	0.102063	0.0858921	0.101818	0.0943786
0.0982723	0.102887	0.0814022	0.0829835	0.0985298	0.0760155	0.0801358	0.0946701	0.0587523	0.0704139	0.0745568	0.0673626	0.0673188	0.0005881	0	0.0746068	0.0575516	0.0643751	0.0676681	0.0643946	0.0893537	0.114089	0.0912235	0.0805504	0.102271	0.0859531	0.101923	0.094526
0.10657	0.108867	0.086884	0.0881784	0.106432	0.0829851	0.0914211	0.0995628	0.0614476	0.0779019	0.0840494	0.0699931	0.0713706	0.0746628	0.0746068	0	0.0712353	0.0661608	0.0716939	0.0661057	0.0979951	0.124122	0.0980142	0.0883097	0.107701	0.0885503	0.107108	0.102423
0.0934666	0.0987888	0.0816934	0.082797	0.0959419	0.0717981	0.0755159	0.0880166	0.0540126	0.0649468	0.0718396	0.0600771	0.0620391	0.0574634	0.0575516	0.0712353	0	0.0577228	0.0657291	0.0576338	0.0857845	0.110738	0.0891027	0.074687	0.0997401	0.0855646	0.099709	0.0924652
0.0929079	0.0988378	0.0835896	0.0847319	0.0956402	0.061158	0.075915	0.0879676	0.0519231	0.0585277	0.0706204	0.0523936	0.0407818	0.0644472	0.0643751	0.0661608	0.0577228	0	0.0511792	0.000481456	0.0841585	0.111405	0.0867978	0.0746969	0.0986711	0.0823621	0.0984839	0.0920298
0.0985049	0.100711	0.0809162	0.0818987	0.0998592	0.0651297	0.0794042	0.0869031	0.0574244	0.0659087	0.0750224	0.0550847	0.0562312	0.0676882	0.0676681	0.0716939	0.0657291	0.0511792	0	0.0511208	0.089197	0.113052	0.0891391	0.0788067	0.10316	0.0841342	0.10343	0.0965779
0.0929092	0.0988736	0.0835545	0.0846994	0.0956555	0.0610969	0.075944	0.0879788	0.0518824	0.0584689	0.0707408	0.0524123	0.0407939	0.0644012	0.0643946	0.0661057	0.0576338	0.000481456	0.0511208	0	0.0841716	0.111421	0.0868671	0.0747302	0.0986956	0.082424	0.0985599	0.0920246
0.106722	0.113692	0.0964294	0.0972783	0.0904706	0.0887167	0.0886867	0.101079	0.08664	0.0865115	0.0787016	0.0867668	0.0878793	0.089262	0.0893537	0.0979951	0.0857845	0.0841585	0.089197	0.0841716	0	0.10725	0.0854648	0.0855427	0.0943142	0.0920805	0.0937887	0.0872278
0.132592	0.131779	0.126444	0.12728	0.125019	0.112535	0.109273	0.126207	0.112636	0.10873	0.111734	0.111481	0.114608	0.114138	0.114089	0.124122	0.110738	0.111405	0.113052	0.111421	0.10725	0	0.117127	0.113896	0.12841	0.116144	0.128064	0.122968
0.110529	0.1192	0.0966522	0.0975267	0.0988559	0.092445	0.0911934	0.103517	0.0878089	0.0885845	0.0811556	0.090724	0.0917159	0.09124	0.0912235	0.0980142	0.0891027	0.0867978	0.0891391	0.0868671	0.0854648	0.117127	0	0.0839166	0.100722	0.0905212	0.0974643	0.0949757
0.101731	0.10819	0.0922262	0.0932006	0.100669	0.0783028	0.0824473	0.0986381	0.0766699	0.0745484	0.0787417	0.0778721	0.0787001	0.0805565	0.0805504	0.0883097	0.074687	0.0746969	0.0788067	0.0747302	0.0855427	0.113896	0.0839166	0	0.104779	0.0879399	0.104707	0.0975837
0.100397	0.119988	0.106524	0.107401	0.0518286	0.0993571	0.103727	0.0930781	0.0988305	0.101434	0.0925779	0.100872	0.0999572	0.102063	0.102271	0.107701	0.0997401	0.0986711	0.10316	0.0986956	0.0943142	0.12841	0.100722	0.104779	0	0.100312	0.0496111	0.0454793
0.10706	0.10943	0.0922683	0.0934415	0.0988661	0.0829483	0.0840955	0.0984173	0.0825946	0.085602	0.0751929	0.0840346	0.085954	0.0858921	0.0859531	0.0885503	0.0855646	0.0823621	0.0841342	0.082424	0.0920805	0.116144	0.0905212	0.0879399	0.100312	0	0.103207	0.094961
0.101191	0.119039	0.106867	0.1078	0.0537995	0.0998255	0.103623	0.0937481	0.0989543	0.101729	0.0921364	0.101221	0.101395	0.101818	0.101923	0.107108	0.099709	0.0984839	0.10343	0.0985599	0.0937887	0.128064	0.0974643	0.104707	0.0496111	0.103207	0	0.047288
0.0915989	0.11348	0.0993502	0.100142	0.0429537	0.0926659	0.0958029	0.0857804	0.092512	0.0961818	0.0842033	0.0943861	0.0952718	0.0943786	0.094526	0.102423	0.0924652	0.0920298	0.0965779	0.0920246	0.0872278	0.122968	0.0949757	0.0975837	0.0454793	0.094961	0.047288	0

Writing guide tree to /Volumes/Bennett_BACKUP/Research/curtobacterium/curto-population-genomics/genomes/muave_alignment.xmfa.guide_tree
reading tree...
initializing alignment tree...
Constructing seed occurrence lists for repeat detection
Calculating pairwise breakpoint distances
Pair 0, 1 has 75611 initial LCBs
Using scaled bp penalty: 292845
Pair (0,1) has 31 well-supported breakpoints
Pair 0, 2 has 48104 initial LCBs
Using scaled bp penalty: 308887
Pair (0,2) has 33 well-supported breakpoints
Pair 0, 3 has 49342 initial LCBs
Using scaled bp penalty: 309482
Pair (0,3) has 31 well-supported breakpoints
Pair 0, 4 has 45097 initial LCBs
Using scaled bp penalty: 306053
Pair (0,4) has 29 well-supported breakpoints
Pair 0, 5 has 49623 initial LCBs
Using scaled bp penalty: 309687
Pair (0,5) has 36 well-supported breakpoints
Pair 0, 6 has 47532 initial LCBs
Using scaled bp penalty: 293428
Pair (0,6) has 28 well-supported breakpoints
Pair 0, 7 has 16151 initial LCBs
Using scaled bp penalty: 326529
Pair (0,7) has 33 well-supported breakpoints
Pair 0, 8 has 49044 initial LCBs
Using scaled bp penalty: 308199
Pair (0,8) has 34 well-supported breakpoints
Pair 0, 9 has 49668 initial LCBs
Using scaled bp penalty: 304937
Pair (0,9) has 33 well-supported breakpoints
Pair 0, 10 has 47183 initial LCBs
Using scaled bp penalty: 303896
Pair (0,10) has 29 well-supported breakpoints
Pair 0, 11 has 49007 initial LCBs
Using scaled bp penalty: 305540
Pair (0,11) has 30 well-supported breakpoints
Pair 0, 12 has 46672 initial LCBs
Using scaled bp penalty: 304651
Pair (0,12) has 30 well-supported breakpoints
Pair 0, 13 has 47666 initial LCBs
Using scaled bp penalty: 303510
Pair (0,13) has 32 well-supported breakpoints
Pair 0, 14 has 50871 initial LCBs
Using scaled bp penalty: 303364
Pair (0,14) has 33 well-supported breakpoints
Pair 0, 15 has 49324 initial LCBs
Using scaled bp penalty: 292352
Pair (0,15) has 37 well-supported breakpoints
Pair 0, 16 has 49350 initial LCBs
Using scaled bp penalty: 309883
Pair (0,16) has 30 well-supported breakpoints
Pair 0, 17 has 47209 initial LCBs
Using scaled bp penalty: 310648
Pair (0,17) has 35 well-supported breakpoints
Pair 0, 18 has 46707 initial LCBs
Using scaled bp penalty: 303051
Pair (0,18) has 40 well-supported breakpoints
Pair 0, 19 has 50262 initial LCBs
Using scaled bp penalty: 310646
Pair (0,19) has 28 well-supported breakpoints
Pair 0, 20 has 60409 initial LCBs
Using scaled bp penalty: 292152
Pair (0,20) has 28 well-supported breakpoints
Pair 0, 21 has 55204 initial LCBs
Using scaled bp penalty: 259751
Pair (0,21) has 36 well-supported breakpoints
Pair 0, 22 has 49535 initial LCBs
Using scaled bp penalty: 287203
Pair (0,22) has 33 well-supported breakpoints
Pair 0, 23 has 50005 initial LCBs
Using scaled bp penalty: 298736
Pair (0,23) has 32 well-supported breakpoints
Pair 0, 24 has 44380 initial LCBs
Using scaled bp penalty: 300515
Pair (0,24) has 31 well-supported breakpoints
Pair 0, 25 has 49803 initial LCBs
Using scaled bp penalty: 291710
Pair (0,25) has 36 well-supported breakpoints
Pair 0, 26 has 41926 initial LCBs
Using scaled bp penalty: 299456
Pair (0,26) has 32 well-supported breakpoints
Pair 0, 27 has 41436 initial LCBs
Using scaled bp penalty: 312445
Pair (0,27) has 32 well-supported breakpoints
Pair 1, 2 has 74076 initial LCBs
Using scaled bp penalty: 298759
Pair (1,2) has 29 well-supported breakpoints
Pair 1, 3 has 73336 initial LCBs
Using scaled bp penalty: 297426
Pair (1,3) has 27 well-supported breakpoints
Pair 1, 4 has 77762 initial LCBs
Using scaled bp penalty: 279029
Pair (1,4) has 29 well-supported breakpoints
Pair 1, 5 has 70963 initial LCBs
Using scaled bp penalty: 298780
Pair (1,5) has 34 well-supported breakpoints
Pair 1, 6 has 74643 initial LCBs
Using scaled bp penalty: 286839
Pair (1,6) has 28 well-supported breakpoints
Pair 1, 7 has 75005 initial LCBs
Using scaled bp penalty: 286178
Pair (1,7) has 28 well-supported breakpoints
Pair 1, 8 has 70123 initial LCBs
Using scaled bp penalty: 302401
Pair (1,8) has 34 well-supported breakpoints
Pair 1, 9 has 72916 initial LCBs
Using scaled bp penalty: 295690
Pair (1,9) has 27 well-supported breakpoints
Pair 1, 10 has 73490 initial LCBs
Using scaled bp penalty: 292819
Pair (1,10) has 30 well-supported breakpoints
Pair 1, 11 has 71415 initial LCBs
Using scaled bp penalty: 297271
Pair (1,11) has 31 well-supported breakpoints
Pair 1, 12 has 72847 initial LCBs
Using scaled bp penalty: 297984
Pair (1,12) has 32 well-supported breakpoints
Pair 1, 13 has 73592 initial LCBs
Using scaled bp penalty: 297303
Pair (1,13) has 28 well-supported breakpoints
Pair 1, 14 has 72770 initial LCBs
Using scaled bp penalty: 297201
Pair (1,14) has 32 well-supported breakpoints
Pair 1, 15 has 73240 initial LCBs
Using scaled bp penalty: 289356
Pair (1,15) has 30 well-supported breakpoints
Pair 1, 16 has 71118 initial LCBs
Using scaled bp penalty: 302670
Pair (1,16) has 27 well-supported breakpoints
Pair 1, 17 has 71452 initial LCBs
Using scaled bp penalty: 302604
Pair (1,17) has 31 well-supported breakpoints
Pair 1, 18 has 73619 initial LCBs
Using scaled bp penalty: 300096
Pair (1,18) has 32 well-supported breakpoints
Pair 1, 19 has 71589 initial LCBs
Using scaled bp penalty: 302556
Pair (1,19) has 25 well-supported breakpoints
Pair 1, 20 has 79887 initial LCBs
Using scaled bp penalty: 283140
Pair (1,20) has 28 well-supported breakpoints
Pair 1, 21 has 79743 initial LCBs
Using scaled bp penalty: 260726
Pair (1,21) has 33 well-supported breakpoints
Pair 1, 22 has 74884 initial LCBs
Using scaled bp penalty: 276167
Pair (1,22) has 27 well-supported breakpoints
Pair 1, 23 has 74731 initial LCBs
Using scaled bp penalty: 290237
Pair (1,23) has 31 well-supported breakpoints
Pair 1, 24 has 75987 initial LCBs
Using scaled bp penalty: 275180
Pair (1,24) has 28 well-supported breakpoints
Pair 1, 25 has 76016 initial LCBs
Using scaled bp penalty: 288625
Pair (1,25) has 33 well-supported breakpoints
Pair 1, 26 has 77850 initial LCBs
Using scaled bp penalty: 276369
Pair (1,26) has 28 well-supported breakpoints
Pair 1, 27 has 76113 initial LCBs
Using scaled bp penalty: 283411
Pair (1,27) has 27 well-supported breakpoints
Pair 2, 3 has 198 initial LCBs
Using scaled bp penalty: 434070
Pair (2,3) has 33 well-supported breakpoints
Pair 2, 4 has 54001 initial LCBs
Using scaled bp penalty: 294286
Pair (2,4) has 35 well-supported breakpoints
Pair 2, 5 has 35941 initial LCBs
Using scaled bp penalty: 322967
Pair (2,5) has 38 well-supported breakpoints
Pair 2, 6 has 29430 initial LCBs
Using scaled bp penalty: 311074
Pair (2,6) has 41 well-supported breakpoints
Pair 2, 7 has 48029 initial LCBs
Using scaled bp penalty: 314870
Pair (2,7) has 33 well-supported breakpoints
Pair 2, 8 has 24396 initial LCBs
Using scaled bp penalty: 335447
Pair (2,8) has 42 well-supported breakpoints
Pair 2, 9 has 32111 initial LCBs
Using scaled bp penalty: 319466
Pair (2,9) has 35 well-supported breakpoints
Pair 2, 10 has 29644 initial LCBs
Using scaled bp penalty: 329063
Pair (2,10) has 37 well-supported breakpoints
Pair 2, 11 has 27623 initial LCBs
Using scaled bp penalty: 320920
Pair (2,11) has 39 well-supported breakpoints
Pair 2, 12 has 26469 initial LCBs
Using scaled bp penalty: 319589
Pair (2,12) has 37 well-supported breakpoints
Pair 2, 13 has 27723 initial LCBs
Using scaled bp penalty: 326655
Pair (2,13) has 43 well-supported breakpoints
Pair 2, 14 has 27113 initial LCBs
Using scaled bp penalty: 326711
Pair (2,14) has 41 well-supported breakpoints
Pair 2, 15 has 27577 initial LCBs
Using scaled bp penalty: 318982
Pair (2,15) has 47 well-supported breakpoints
Pair 2, 16 has 27851 initial LCBs
Using scaled bp penalty: 326297
Pair (2,16) has 34 well-supported breakpoints
Pair 2, 17 has 26936 initial LCBs
Using scaled bp penalty: 323611
Pair (2,17) has 39 well-supported breakpoints
Pair 2, 18 has 25394 initial LCBs
Using scaled bp penalty: 327403
Pair (2,18) has 45 well-supported breakpoints
Pair 2, 19 has 29037 initial LCBs
Using scaled bp penalty: 323660
Pair (2,19) has 32 well-supported breakpoints
Pair 2, 20 has 60325 initial LCBs
Using scaled bp penalty: 305852
Pair (2,20) has 34 well-supported breakpoints
Pair 2, 21 has 36602 initial LCBs
Using scaled bp penalty: 267193
Pair (2,21) has 39 well-supported breakpoints
Pair 2, 22 has 41750 initial LCBs
Using scaled bp penalty: 305550
Pair (2,22) has 38 well-supported breakpoints
Pair 2, 23 has 33362 initial LCBs
Using scaled bp penalty: 311583
Pair (2,23) has 36 well-supported breakpoints
Pair 2, 24 has 54587 initial LCBs
Using scaled bp penalty: 292412
Pair (2,24) has 31 well-supported breakpoints
Pair 2, 25 has 31488 initial LCBs
Using scaled bp penalty: 311525
Pair (2,25) has 41 well-supported breakpoints
Pair 2, 26 has 55834 initial LCBs
Using scaled bp penalty: 291963
Pair (2,26) has 35 well-supported breakpoints
Pair 2, 27 has 54369 initial LCBs
Using scaled bp penalty: 301916
Pair (2,27) has 33 well-supported breakpoints
Pair 3, 4 has 52463 initial LCBs
Using scaled bp penalty: 293276
Pair (3,4) has 36 well-supported breakpoints
Pair 3, 5 has 36374 initial LCBs
Using scaled bp penalty: 321337
Pair (3,5) has 40 well-supported breakpoints
Pair 3, 6 has 29340 initial LCBs
Using scaled bp penalty: 309621
Pair (3,6) has 40 well-supported breakpoints
Pair 3, 7 has 45986 initial LCBs
Using scaled bp penalty: 313561
Pair (3,7) has 36 well-supported breakpoints
Pair 3, 8 has 23576 initial LCBs
Using scaled bp penalty: 333227
Pair (3,8) has 37 well-supported breakpoints
Pair 3, 9 has 32465 initial LCBs
Using scaled bp penalty: 317883
Pair (3,9) has 32 well-supported breakpoints
Pair 3, 10 has 27920 initial LCBs
Using scaled bp penalty: 327189
Pair (3,10) has 38 well-supported breakpoints
Pair 3, 11 has 26190 initial LCBs
Using scaled bp penalty: 319453
Pair (3,11) has 41 well-supported breakpoints
Pair 3, 12 has 28936 initial LCBs
Using scaled bp penalty: 317996
Pair (3,12) has 42 well-supported breakpoints
Pair 3, 13 has 27123 initial LCBs
Using scaled bp penalty: 324430
Pair (3,13) has 40 well-supported breakpoints
Pair 3, 14 has 27252 initial LCBs
Using scaled bp penalty: 324468
Pair (3,14) has 39 well-supported breakpoints
Pair 3, 15 has 24677 initial LCBs
Using scaled bp penalty: 317177
Pair (3,15) has 42 well-supported breakpoints
Pair 3, 16 has 26027 initial LCBs
Using scaled bp penalty: 324732
Pair (3,16) has 38 well-supported breakpoints
Pair 3, 17 has 27375 initial LCBs
Using scaled bp penalty: 322000
Pair (3,17) has 39 well-supported breakpoints
Pair 3, 18 has 27441 initial LCBs
Using scaled bp penalty: 326006
Pair (3,18) has 37 well-supported breakpoints
Pair 3, 19 has 28499 initial LCBs
Using scaled bp penalty: 322046
Pair (3,19) has 36 well-supported breakpoints
Pair 3, 20 has 62069 initial LCBs
Using scaled bp penalty: 304704
Pair (3,20) has 30 well-supported breakpoints
Pair 3, 21 has 36932 initial LCBs
Using scaled bp penalty: 266172
Pair (3,21) has 42 well-supported breakpoints
Pair 3, 22 has 40278 initial LCBs
Using scaled bp penalty: 304369
Pair (3,22) has 35 well-supported breakpoints
Pair 3, 23 has 35565 initial LCBs
Using scaled bp penalty: 310247
Pair (3,23) has 36 well-supported breakpoints
Pair 3, 24 has 53105 initial LCBs
Using scaled bp penalty: 291265
Pair (3,24) has 35 well-supported breakpoints
Pair 3, 25 has 33462 initial LCBs
Using scaled bp penalty: 309917
Pair (3,25) has 38 well-supported breakpoints
Pair 3, 26 has 56024 initial LCBs
Using scaled bp penalty: 290744
Pair (3,26) has 35 well-supported breakpoints
Pair 3, 27 has 54870 initial LCBs
Using scaled bp penalty: 300856
Pair (3,27) has 34 well-supported breakpoints
Pair 4, 5 has 55838 initial LCBs
Using scaled bp penalty: 306536
Pair (4,5) has 34 well-supported breakpoints
Pair 4, 6 has 56317 initial LCBs
Using scaled bp penalty: 300735
Pair (4,6) has 36 well-supported breakpoints
Pair 4, 7 has 42427 initial LCBs
Using scaled bp penalty: 313893
Pair (4,7) has 32 well-supported breakpoints
Pair 4, 8 has 52249 initial LCBs
Using scaled bp penalty: 305310
Pair (4,8) has 30 well-supported breakpoints
Pair 4, 9 has 55139 initial LCBs
Using scaled bp penalty: 303160
Pair (4,9) has 30 well-supported breakpoints
Pair 4, 10 has 53437 initial LCBs
Using scaled bp penalty: 313911
Pair (4,10) has 32 well-supported breakpoints
Pair 4, 11 has 54138 initial LCBs
Using scaled bp penalty: 303861
Pair (4,11) has 37 well-supported breakpoints
Pair 4, 12 has 55407 initial LCBs
Using scaled bp penalty: 302024
Pair (4,12) has 33 well-supported breakpoints
Pair 4, 13 has 54851 initial LCBs
Using scaled bp penalty: 303153
Pair (4,13) has 33 well-supported breakpoints
Pair 4, 14 has 54276 initial LCBs
Using scaled bp penalty: 303018
Pair (4,14) has 33 well-supported breakpoints
Pair 4, 15 has 56182 initial LCBs
Using scaled bp penalty: 292532
Pair (4,15) has 33 well-supported breakpoints
Pair 4, 16 has 53456 initial LCBs
Using scaled bp penalty: 306512
Pair (4,16) has 31 well-supported breakpoints
Pair 4, 17 has 53282 initial LCBs
Using scaled bp penalty: 306922
Pair (4,17) has 30 well-supported breakpoints
Pair 4, 18 has 55000 initial LCBs
Using scaled bp penalty: 301234
Pair (4,18) has 35 well-supported breakpoints
Pair 4, 19 has 54186 initial LCBs
Using scaled bp penalty: 306901
Pair (4,19) has 27 well-supported breakpoints
Pair 4, 20 has 50743 initial LCBs
Using scaled bp penalty: 314000
Pair (4,20) has 32 well-supported breakpoints
Pair 4, 21 has 58663 initial LCBs
Using scaled bp penalty: 268942
Pair (4,21) has 35 well-supported breakpoints
Pair 4, 22 has 52134 initial LCBs
Using scaled bp penalty: 302580
Pair (4,22) has 29 well-supported breakpoints
Pair 4, 23 has 57234 initial LCBs
Using scaled bp penalty: 300152
Pair (4,23) has 30 well-supported breakpoints
Pair 4, 24 has 3716 initial LCBs
Using scaled bp penalty: 370860
Pair (4,24) has 26 well-supported breakpoints
Pair 4, 25 has 55344 initial LCBs
Using scaled bp penalty: 302566
Pair (4,25) has 33 well-supported breakpoints
Pair 4, 26 has 4831 initial LCBs
Using scaled bp penalty: 367786
Pair (4,26) has 36 well-supported breakpoints
Pair 4, 27 has 3734 initial LCBs
Using scaled bp penalty: 384941
Pair (4,27) has 34 well-supported breakpoints
Pair 5, 6 has 37219 initial LCBs
Using scaled bp penalty: 327834
Pair (5,6) has 35 well-supported breakpoints
Pair 5, 7 has 51156 initial LCBs
Using scaled bp penalty: 320991
Pair (5,7) has 30 well-supported breakpoints
Pair 5, 8 has 32372 initial LCBs
Using scaled bp penalty: 345057
Pair (5,8) has 39 well-supported breakpoints
Pair 5, 9 has 29873 initial LCBs
Using scaled bp penalty: 345063
Pair (5,9) has 38 well-supported breakpoints
Pair 5, 10 has 34225 initial LCBs
Using scaled bp penalty: 338773
Pair (5,10) has 36 well-supported breakpoints
Pair 5, 11 has 31195 initial LCBs
Using scaled bp penalty: 347893
Pair (5,11) has 36 well-supported breakpoints
Pair 5, 12 has 29628 initial LCBs
Using scaled bp penalty: 349319
Pair (5,12) has 40 well-supported breakpoints
Pair 5, 13 has 32814 initial LCBs
Using scaled bp penalty: 334552
Pair (5,13) has 37 well-supported breakpoints
Pair 5, 14 has 30581 initial LCBs
Using scaled bp penalty: 334442
Pair (5,14) has 41 well-supported breakpoints
Pair 5, 15 has 30721 initial LCBs
Using scaled bp penalty: 324465
Pair (5,15) has 36 well-supported breakpoints
Pair 5, 16 has 31200 initial LCBs
Using scaled bp penalty: 340590
Pair (5,16) has 37 well-supported breakpoints
Pair 5, 17 has 28383 initial LCBs
Using scaled bp penalty: 356478
Pair (5,17) has 36 well-supported breakpoints
Pair 5, 18 has 29556 initial LCBs
Using scaled bp penalty: 350484
Pair (5,18) has 40 well-supported breakpoints
Pair 5, 19 has 27426 initial LCBs
Using scaled bp penalty: 356571
Pair (5,19) has 34 well-supported breakpoints
Pair 5, 20 has 63627 initial LCBs
Using scaled bp penalty: 316429
Pair (5,20) has 33 well-supported breakpoints
Pair 5, 21 has 43235 initial LCBs
Using scaled bp penalty: 284621
Pair (5,21) has 39 well-supported breakpoints
Pair 5, 22 has 44136 initial LCBs
Using scaled bp penalty: 311282
Pair (5,22) has 37 well-supported breakpoints
Pair 5, 23 has 32315 initial LCBs
Using scaled bp penalty: 331143
Pair (5,23) has 34 well-supported breakpoints
Pair 5, 24 has 55341 initial LCBs
Using scaled bp penalty: 301907
Pair (5,24) has 32 well-supported breakpoints
Pair 5, 25 has 36480 initial LCBs
Using scaled bp penalty: 324517
Pair (5,25) has 42 well-supported breakpoints
Pair 5, 26 has 58095 initial LCBs
Using scaled bp penalty: 301279
Pair (5,26) has 31 well-supported breakpoints
Pair 5, 27 has 54877 initial LCBs
Using scaled bp penalty: 310979
Pair (5,27) has 31 well-supported breakpoints
Pair 6, 7 has 47821 initial LCBs
Using scaled bp penalty: 301711
Pair (6,7) has 28 well-supported breakpoints
Pair 6, 8 has 28389 initial LCBs
Using scaled bp penalty: 336258
Pair (6,8) has 32 well-supported breakpoints
Pair 6, 9 has 33308 initial LCBs
Using scaled bp penalty: 330567
Pair (6,9) has 28 well-supported breakpoints
Pair 6, 10 has 15600 initial LCBs
Using scaled bp penalty: 348823
Pair (6,10) has 28 well-supported breakpoints
Pair 6, 11 has 29839 initial LCBs
Using scaled bp penalty: 335430
Pair (6,11) has 29 well-supported breakpoints
Pair 6, 12 has 29072 initial LCBs
Using scaled bp penalty: 331151
Pair (6,12) has 31 well-supported breakpoints
Pair 6, 13 has 29750 initial LCBs
Using scaled bp penalty: 328580
Pair (6,13) has 32 well-supported breakpoints
Pair 6, 14 has 32255 initial LCBs
Using scaled bp penalty: 328517
Pair (6,14) has 31 well-supported breakpoints
Pair 6, 15 has 31399 initial LCBs
Using scaled bp penalty: 312689
Pair (6,15) has 36 well-supported breakpoints
Pair 6, 16 has 28196 initial LCBs
Using scaled bp penalty: 335166
Pair (6,16) has 30 well-supported breakpoints
Pair 6, 17 has 29274 initial LCBs
Using scaled bp penalty: 334588
Pair (6,17) has 33 well-supported breakpoints
Pair 6, 18 has 29499 initial LCBs
Using scaled bp penalty: 329563
Pair (6,18) has 40 well-supported breakpoints
Pair 6, 19 has 31063 initial LCBs
Using scaled bp penalty: 334546
Pair (6,19) has 28 well-supported breakpoints
Pair 6, 20 has 60662 initial LCBs
Using scaled bp penalty: 316471
Pair (6,20) has 29 well-supported breakpoints
Pair 6, 21 has 22095 initial LCBs
Using scaled bp penalty: 288830
Pair (6,21) has 33 well-supported breakpoints
Pair 6, 22 has 40899 initial LCBs
Using scaled bp penalty: 313003
Pair (6,22) has 29 well-supported breakpoints
Pair 6, 23 has 33527 initial LCBs
Using scaled bp penalty: 325227
Pair (6,23) has 25 well-supported breakpoints
Pair 6, 24 has 55339 initial LCBs
Using scaled bp penalty: 296090
Pair (6,24) has 28 well-supported breakpoints
Pair 6, 25 has 23776 initial LCBs
Using scaled bp penalty: 322897
Pair (6,25) has 36 well-supported breakpoints
Pair 6, 26 has 55173 initial LCBs
Using scaled bp penalty: 296228
Pair (6,26) has 29 well-supported breakpoints
Pair 6, 27 has 55336 initial LCBs
Using scaled bp penalty: 306701
Pair (6,27) has 29 well-supported breakpoints
Pair 7, 8 has 49460 initial LCBs
Using scaled bp penalty: 315877
Pair (7,8) has 30 well-supported breakpoints
Pair 7, 9 has 49238 initial LCBs
Using scaled bp penalty: 308754
Pair (7,9) has 24 well-supported breakpoints
Pair 7, 10 has 45358 initial LCBs
Using scaled bp penalty: 318822
Pair (7,10) has 27 well-supported breakpoints
Pair 7, 11 has 48312 initial LCBs
Using scaled bp penalty: 309908
Pair (7,11) has 31 well-supported breakpoints
Pair 7, 12 has 50208 initial LCBs
Using scaled bp penalty: 309684
Pair (7,12) has 30 well-supported breakpoints
Pair 7, 13 has 49089 initial LCBs
Using scaled bp penalty: 308314
Pair (7,13) has 29 well-supported breakpoints
Pair 7, 14 has 47671 initial LCBs
Using scaled bp penalty: 308241
Pair (7,14) has 31 well-supported breakpoints
Pair 7, 15 has 52564 initial LCBs
Using scaled bp penalty: 301631
Pair (7,15) has 29 well-supported breakpoints
